-31.000000 -0.000196
-30.000000 -0.006949
-29.000000 -0.008241
-28.000000 -0.014594
-27.000000 -0.012184
-26.000000 -0.013974
-25.000000 -0.017651
-24.000000 -0.020505
-23.000000 -0.010096
-22.000000 -0.008631
-21.000000 -0.016747
-20.000000 -0.013345
-19.000000 -0.020735
-18.000000 -0.004499
-17.000000 -0.013248
-16.000000 -0.011498
-15.000000 -0.003611
-14.000000 -0.004081
-13.000000 0.002323
-12.000000 0.009820
-11.000000 0.010337
-10.000000 0.018771
-9.000000 0.025221
-8.000000 0.024482
-7.000000 0.031965
-6.000000 0.027340
-5.000000 0.033329
-4.000000 0.038887
-3.000000 0.037707
-2.000000 0.048539
-1.000000 0.043624
0.000000 0.068346
1.000000 0.070756
2.000000 0.075996
3.000000 0.083527
4.000000 0.079198
5.000000 0.086758
6.000000 0.087199
7.000000 0.104297
8.000000 0.108190
9.000000 0.106209
10.000000 0.110317
11.000000 0.107488
12.000000 0.127001
13.000000 0.137518
14.000000 0.143629
15.000000 0.144558
16.000000 0.140379
17.000000 0.142421
18.000000 0.150465
19.000000 0.153120
20.000000 0.166145
21.000000 0.155274
22.000000 0.159603
23.000000 0.165353
24.000000 0.169934
25.000000 0.177401
26.000000 0.169881
27.000000 0.175241
28.000000 0.177068
29.000000 0.181025
30.000000 0.187445
31.000000 0.182877
32.000000 0.186441
