-31.000000 -0.001617
-30.000000 -0.007744
-29.000000 -0.008360
-28.000000 -0.004124
-27.000000 -0.003345
-26.000000 -0.006723
-25.000000 -0.006466
-24.000000 -0.014265
-23.000000 -0.009810
-22.000000 -0.006759
-21.000000 -0.012012
-20.000000 -0.009797
-19.000000 -0.017193
-18.000000 -0.008569
-17.000000 -0.010239
-16.000000 -0.005227
-15.000000 -0.007549
-14.000000 -0.005184
-13.000000 0.000468
-12.000000 0.002469
-11.000000 0.007518
-10.000000 0.012709
-9.000000 0.020406
-8.000000 0.024963
-7.000000 0.034973
-6.000000 0.024156
-5.000000 0.023767
-4.000000 0.028891
-3.000000 0.028392
-2.000000 0.034836
-1.000000 0.029093
0.000000 0.029732
1.000000 0.022098
2.000000 0.026800
3.000000 0.025721
4.000000 0.028834
5.000000 0.029006
6.000000 0.027819
7.000000 0.034003
8.000000 0.033837
9.000000 0.035197
10.000000 0.045802
11.000000 0.044241
12.000000 0.044224
13.000000 0.049823
14.000000 0.051508
15.000000 0.056540
16.000000 0.056430
17.000000 0.060267
18.000000 0.064943
19.000000 0.061294
20.000000 0.071003
21.000000 0.073792
22.000000 0.076531
23.000000 0.077685
24.000000 0.077871
25.000000 0.082329
26.000000 0.080870
27.000000 0.088153
28.000000 0.086487
29.000000 0.092470
30.000000 0.097995
31.000000 0.092664
32.000000 0.089668
