-31.000000 0.000844
-30.000000 -0.008377
-29.000000 -0.006630
-28.000000 -0.009228
-27.000000 -0.006035
-26.000000 -0.015502
-25.000000 -0.012917
-24.000000 -0.017782
-23.000000 -0.011998
-22.000000 -0.010841
-21.000000 -0.016180
-20.000000 -0.008548
-19.000000 -0.020375
-18.000000 -0.016253
-17.000000 -0.018231
-16.000000 -0.026057
-15.000000 -0.028732
-14.000000 -0.029915
-13.000000 -0.032529
-12.000000 -0.030312
-11.000000 -0.032567
-10.000000 -0.032695
-9.000000 -0.021771
-8.000000 -0.032375
-7.000000 -0.024304
-6.000000 -0.030200
-5.000000 -0.025288
-4.000000 -0.011919
-3.000000 -0.018000
-2.000000 -0.010509
-1.000000 -0.020816
0.000000 -0.023569
1.000000 -0.040923
2.000000 -0.030506
3.000000 -0.019501
4.000000 -0.024497
5.000000 -0.017028
6.000000 -0.010992
7.000000 0.010379
8.000000 0.032710
9.000000 0.041246
10.000000 0.044236
11.000000 0.048270
12.000000 0.051706
13.000000 0.069077
14.000000 0.072663
15.000000 0.068599
16.000000 0.070162
17.000000 0.073233
18.000000 0.092142
19.000000 0.090571
20.000000 0.095135
21.000000 0.089321
22.000000 0.088895
23.000000 0.092568
24.000000 0.089848
25.000000 0.094989
26.000000 0.089134
27.000000 0.093605
28.000000 0.094950
29.000000 0.098682
30.000000 0.100955
31.000000 0.096104
32.000000 0.106141
